p cnf 71 173
-1 -5
-1 -7
-2 -5
-2 -6
-2 -7
-3 -6
-3 -7
-4 -6
-4 -7
-5 -6
-5 -7
-8
-9
-10
-11
-12
-13
-14
-15
16
17
9 8
9 1
18
10 9
10 1
19
11 10
11 1
20
12 11
12 1
21
13 12
13 1
22
14 13
14 1
23
15 14
15 1
24
25
17 16
17 2
26
18 17
18 2
27
19 18
19 2
28
20 19
20 2
29
21 20
21 2
30
22 21
22 2
31
23 22
23 2
32
33
25 24
25 3
34
26 25
26 3
35
27 26
27 3
36
28 27
28 3
37
29 28
29 3
38
30 29
30 3
39
31 30
31 3
40
41
33 32
33 4
42
34 33
34 4
43
35 34
35 4
44
36 35
36 4
45
37 36
37 4
46
38 37
38 4
47
39 38
39 4
48
49
41 40
41 5
50
42 41
42 5
51
43 42
43 5
52
44 43
44 5
53
45 44
45 5
54
46 45
46 5
55
47 46
47 5
56
57
49 48
49 6
58
50 49
50 6
59
51 50
51 6
60
52 51
52 6
61
53 52
53 6
62
54 53
54 6
63
55 54
55 6
64
65
57 56
57 7
66
58 57
58 7
67
59 58
59 7
68
60 59
60 7
69
61 60
61 7
70
62 61
62 7
71
63 62
63 7
